7
5 4 2 2 3 9 0 5 1 3 6 6 4 11
18
279051 97946 126312 261652 108080 92780 224943 211912 212652 208371 271995 177213 24345 117864 39198 207031 195233 245812 263403 164209 227747 298935 252089 18705 237818 34767 248559 70788 164004 278465 12327 39717 229586 31248 66752 288462
25
149847 84094 288400 177950 127754 88500 72608 154510 117902 199482 23337 8643 184571 124164 138776 151183 262129 193526 167850 134958 136825 200778 266514 57221 150504 167356 238138 270266 100320 135082 168209 101696 114574 181002 117113 126795 297751 50190 229991 52854 3831 175410 42244 17875 280760 91245 136825 131350 40595 189317
40
36529 246882 11592 1886 149860 103990 150076 110575 224142 23495 10607 201392 195512 197535 129619 89855 294429 133409 286366 178482 145150 157701 216917 64153 290121 73376 58243 229559 168437 223458 170276 108097 263137 11588 90917 10858 55745 216576 148884 11613 53045 159793 41916 299123 98162 38301 5278 250301 197916 284983 225323 79094 138100 40210 159856 212175 174788 148153 79998 28626 50669 298758 26113 194646 73785 130628 116426 79200 207917 27785 55102 259611 165904 56500 218830 144989 49238 18050 157892 127153
45
193533 171070 75404 286117 248588 160841 297332 221243 192029 157326 103474 69800 157011 69170 267727 199235 175079 41376 226960 187174 153777 151278 4248 250311 150188 145569 238832 240944 71672 66715 152283 171219 241317 42851 36884 169867 86009 176558 42842 92239 93265 146182 102216 130838 167708 191454 46748 235152 91717 222065 214753 202595 142174 244623 59763 37118 72945 199768 50726 37709 175246 289506 66393 130209 37937 196091 179783 131402 106041 163971 168571 76235 37429 5380 64949 231589 53534 80766 248853 74575 170886 265419 9314 243160 43428 228141 61352 66440 96039 43403
50
89126 47864 137417 232722 273371 290111 184551 138154 264743 48065 48393 208815 108289 5707 269405 30232 166043 279761 32219 201947 117133 167095 28632 92049 12671 126572 144276 1655 269473 40987 134196 281337 157838 126888 161154 66505 181897 261721 112713 62614 97774 134059 114517 15288 167992 220005 84910 294082 176402 122540 81321 184886 90454 116761 248210 167087 190052 44228 105911 266255 252669 81242 166563 58827 248478 210991 92928 157764 228240 277736 275506 232502 153822 144110 142343 69694 254281 200688 222306 250042 279633 258838 259308 262118 129821 212796 64672 69717 83630 239963 292386 275159 264993 98418 79700 127521 28604 291042 163761 86013
75
124934 230199 254976 9139 174546 18629 268324 60609 58869 35976 259520 247629 101633 282638 22942 105530 100402 114911 249453 47120 106766 219145 91829 37342 50251 159744 275699 66281 290267 162933 150080 130190 247284 105564 286673 163841 133085 230199 41658 86607 110304 295791 114499 189221 246128 286246 243756 129898 285497 139759 143642 146524 170105 187526 181807 76697 219194 163844 45435 269107 285625 26638 252984 243937 250723 55903 92471 223964 48729 23942 67081 238501 227574 72243 106206 196373 105392 27694 294646 249812 264010 186602 281428 211934 56827 241536 98320 27904 178068 227731 230483 286735 170097 29824 68333 214220 52266 161603 47248 290320 150336 181538 240048 96526 145634 17021 93389 90118 45075 96502 270469 161644 87460 172995 115761 139479 37286 259839 136214 53062 143651 41539 232538 148975 253485 43488 257006 19497 119319 197644 155952 13548 77689 269640 118425 295159 136431 139150 7854 212509 127535 71933 272343 41851 276723 290341 89586 97291 107350 110119
100
161006 26179 114241 277736 161440 75598 244342 172309 44440 56844 64808 94703 298051 77673 194519 64895 168835 215862 251036 100599 238108 14204 191967 113375 200714 245636 56439 50315 206144 165529 196042 16974 156040 152746 199002 259365 51952 157145 169561 279718 139317 20090 182805 204228 241656 190065 223694 78896 3454 210118 137088 297966 240945 107117 32307 103139 272430 170656 97541 136331 18208 109898 46742 136052 252030 231990 235454 272623 27557 136489 178374 24405 56854 136063 169146 138932 43588 186343 22054 103711 239078 55975 269816 210784 205994 251424 181846 144067 68316 207517 262737 102968 33152 281282 68031 137117 87868 108283 41435 189755 26780 254793 94469 270215 122074 99236 295355 235687 257595 235845 171413 74067 187092 135420 209336 270924 154015 61791 181384 233168 116498 79074 66487 143353 165400 297746 195986 288914 179594 206874 283743 149803 78171 277138 246630 92370 124244 164816 244709 70606 251435 132841 115832 149791 233428 216985 29385 188132 143353 44357 112209 155150 184575 100174 59852 80772 209482 169285 285996 219341 298416 9780 203368 196775 18839 62472 189651 222885 198569 35259 226700 26823 128249 165815 212213 147585 226863 71836 76452 265191 94042 196679 8980 169147 151828 242155 273298 143239 188887 222333 7594 189314 186598 217716 63079 124047 80421 42934 263678 265906
0
